[standard]
good = 25.0250015258789
ok = 75.0750045776367
bad = 108.441665649414
good_easy = 41.7083358764648
ok_easy = 108.441665649414
bad_easy = 125.125

[hitnarrow]
good = 25.0250015258789
ok = 58.3916664123535
bad = 108.441665649414
good_easy = 41.7083358764648
ok_easy = 75.0750045776367
bad_easy = 125.125

[hitwide]
good = 75.0750045776367
ok = 91.7583312988281
bad = 108.441665649414
good_easy = 91.7583312988281
ok_easy = 108.441665649414
bad_easy = 125.125

[custom]
good = 25.0250015258789
ok = 75.0750045776367
bad = 108.441665649414
good_easy = 41.7083358764648
ok_easy = 108.441665649414
bad_easy = 125.125